c1
4
-0.0315 1.74056 
0.0315 1.74056 
0.0315 1.88055 
-0.0315 1.88055 

5
botleft
4
-1.1795 -0.001 
0 -0.001 
0 0.001 
-1.1795 0.001 

botright
4
0 -0.001 
1.0805 -0.001 
1.0805 0.001 
0 0.001 

c3
4
-0.3645 1.74056 
-0.3015 1.74056 
-0.3015 1.88055 
-0.3645 1.88055 

c2
4
0.0855 1.74056 
0.1485 1.74056 
0.1485 1.88055 
0.0855 1.88055 

c2e
4
0.2025 1.74056 
0.2655 1.74056 
0.2655 1.88055 
0.2025 1.88055 


36
FOXA+FOXB
5
-1.1795 0.001 
0 0.001 
1.0805 0.001 
1.0805 0.35003 
-1.1795 0.35003 
3.9

tox
4
-1.1795 0.35003 
1.0805 0.35003 
1.0805 0.352565 
-1.1795 0.352565 
4.2

ILD1a
4
-1.1795 0.352565 
1.0805 0.352565 
1.0805 0.390565 
-1.1795 0.390565 
7

ILD1b1+ILD1b2
4
-1.1795 0.390565 
1.0805 0.390565 
1.0805 0.557565 
-1.1795 0.557565 
4.2

IMD1a
4
-1.1795 0.557565 
1.0805 0.557565 
1.0805 0.572565 
-1.1795 0.572565 
5.2

IMD1b
4
-1.1795 0.572565 
1.0805 0.572565 
1.0805 0.655565 
-1.1795 0.655565 
2.75

IMD2a
4
-1.1795 0.655565 
1.0805 0.655565 
1.0805 0.687565 
-1.1795 0.687565 
5.2

IMD2b
4
-1.1795 1.66756 
1.0805 1.66756 
1.0805 1.67755 
-1.1795 1.67755 
4.2

IMD2c1
12
-1.1795 1.67755 
1.0805 1.67755 
1.0805 1.74056 
0.2655 1.74056 
0.2025 1.74056 
0.1485 1.74056 
0.0855 1.74056 
0.0315 1.74056 
-0.0315 1.74056 
-0.3015 1.74056 
-0.3645 1.74056 
-1.1795 1.74056 
2.75

IMD2c2
4
-1.1795 1.74056 
-0.3645 1.74056 
-0.3645 1.88055 
-1.1795 1.88055 
2.75

IMD2c2
4
-0.3015 1.74056 
-0.0315 1.74056 
-0.0315 1.88055 
-0.3015 1.88055 
2.75

IMD2c2
4
0.0315 1.74056 
0.0855 1.74056 
0.0855 1.88055 
0.0315 1.88055 
2.75

IMD2c2
4
0.1485 1.74056 
0.2025 1.74056 
0.2025 1.88055 
0.1485 1.88055 
2.75

IMD2c2
4
0.2655 1.74056 
1.0805 1.74056 
1.0805 1.88055 
0.2655 1.88055 
2.75

IMD3a
12
-1.1795 1.88055 
-0.3645 1.88055 
-0.3015 1.88055 
-0.0315 1.88055 
0.0315 1.88055 
0.0855 1.88055 
0.1485 1.88055 
0.2025 1.88055 
0.2655 1.88055 
1.0805 1.88055 
1.0805 1.95057 
-1.1795 1.95057 
5.2

IMD3b
4
-1.1795 0.932565 
1.0805 0.932565 
1.0805 0.942565 
-1.1795 0.942565 
4.2

IMD3c1+IMD3c2
4
-1.1795 0.942565 
1.0805 0.942565 
1.0805 1.14556 
-1.1795 1.14556 
2.75

IMD4a
4
-1.1795 1.14556 
1.0805 1.14556 
1.0805 1.17756 
-1.1795 1.17756 
5.2

IMD4b
4
-1.1795 1.17756 
1.0805 1.17756 
1.0805 1.18756 
-1.1795 1.18756 
4.2

IMD4c1+IMD4c2
4
-1.1795 1.18756 
1.0805 1.18756 
1.0805 1.39057 
-1.1795 1.39057 
2.75

IMD5a
4
-1.1795 1.39057 
1.0805 1.39057 
1.0805 1.42257 
-1.1795 1.42257 
5.2

IMD5b
4
-1.1795 1.42257 
1.0805 1.42257 
1.0805 1.43257 
-1.1795 1.43257 
4.2

IMD5c1+IMD5c2
4
-1.1795 1.43257 
1.0805 1.43257 
1.0805 1.63556 
-1.1795 1.63556 
2.75

IMD6a
4
-1.1795 1.63556 
1.0805 1.63556 
1.0805 1.66756 
-1.1795 1.66756 
5.2

IMD6b
4
-1.1795 0.687575 
1.0805 0.687575 
1.0805 0.697575 
-1.1795 0.697575 
4.2

IMD6c1+IMD6c2
4
-1.1795 0.697575 
1.0805 0.697575 
1.0805 0.900575 
-1.1795 0.900575 
2.75

IMD7a
4
-1.1795 0.900575 
1.0805 0.900575 
1.0805 0.970575 
-1.1795 0.970575 
5.2

IMD7b1+IMD7b2
4
-1.1795 1.95057 
1.0805 1.95057 
1.0805 3.49057 
-1.1795 3.49057 
4.2

IMD8a
4
-1.1795 3.49057 
1.0805 3.49057 
1.0805 3.56056 
-1.1795 3.56056 
5.2

IMD8b1+IMD8b2
4
-1.1795 3.56056 
1.0805 3.56056 
1.0805 5.10056 
-1.1795 5.10056 
4.2

PASS1
4
-1.1795 5.10056 
1.0805 5.10056 
1.0805 5.17056 
-1.1795 5.17056 
5.2

PASS2
4
-1.1795 5.17056 
1.0805 5.17056 
1.0805 5.57057 
-1.1795 5.57057 
4.2

PASS3
4
-1.1795 5.57057 
1.0805 5.57057 
1.0805 5.64056 
-1.1795 5.64056 
7

PASS4+PASS5
4
-1.1795 5.64056 
1.0805 5.64056 
1.0805 6.29056 
-1.1795 6.29056 
4.2

PASS6
4
-1.1795 6.29056 
1.0805 6.29056 
1.0805 6.89056 
-1.1795 6.89056 
7

air_Layer
4
-1.1795 6.89056 
1.0805 6.89056 
1.0805 7.31057 
-1.1795 7.31057 
1


4
-1.1795 0.001 
1.0805 0.001 
1.0805 7.31057 
-1.1795 7.31057 

