c1
4
-0.0315 1.005565
0.0315 1.005565
0.0315 1.145565
-0.0315 1.145565

8
botleft
4
-0.7565 -0.001
0 -0.001
0 0.001
-0.7565 0.001

botright
4
0 -0.001
1.4675 -0.001
1.4675 0.001
0 0.001

c1Env
4
-0.2565 1.005565
-0.1935 1.005565
-0.1935 1.145565
-0.2565 1.145565

c2
4
0.3015 1.005565
0.3645 1.005565
0.3645 1.145565
0.3015 1.145565

c2Env
4
0.5265 1.005565
0.5895 1.005565
0.5895 1.145565
0.5265 1.145565

d1
4
-0.1935 1.250565
-0.1305 1.250565
-0.1305 1.390565
-0.1935 1.390565

d2
4
0.6795 1.250565
0.7425 1.250565
0.7425 1.390565
0.6795 1.390565

d2Env
4
0.9045 1.250565
0.9675 1.250565
0.9675 1.390565
0.9045 1.390565


40
FOXA+FOXB
5
-0.7565 0.001
0 0.001
1.4675 0.001
1.4675 0.35003
-0.7565 0.35003
3.9

tox
4
-0.7565 0.35003
1.4675 0.35003
1.4675 0.352565
-0.7565 0.352565
4.2

ILD1a
4
-0.7565 0.352565
1.4675 0.352565
1.4675 0.390565
-0.7565 0.390565
7

ILD1b1+ILD1b2
4
-0.7565 0.390565
1.4675 0.390565
1.4675 0.557565
-0.7565 0.557565
4.2

IMD1a
4
-0.7565 0.557565
1.4675 0.557565
1.4675 0.572565
-0.7565 0.572565
5.2

IMD1b
4
-0.7565 0.572565
1.4675 0.572565
1.4675 0.655565
-0.7565 0.655565
2.75

IMD2a
4
-0.7565 0.655565
1.4675 0.655565
1.4675 0.687565
-0.7565 0.687565
5.2

IMD2b
4
-0.7565 0.687565
1.4675 0.687565
1.4675 0.697565
-0.7565 0.697565
4.2

IMD2c1+IMD2c2
4
-0.7565 0.697565
1.4675 0.697565
1.4675 0.900565
-0.7565 0.900565
2.75

IMD3a
4
-0.7565 0.900565
1.4675 0.900565
1.4675 0.932565
-0.7565 0.932565
5.2

IMD3b
4
-0.7565 0.932565
1.4675 0.932565
1.4675 0.942565
-0.7565 0.942565
4.2

IMD3c1
12
-0.7565 0.942565
1.4675 0.942565
1.4675 1.005565
0.5895 1.005565
0.5265 1.005565
0.3645 1.005565
0.3015 1.005565
0.0315 1.005565
-0.0315 1.005565
-0.1935 1.005565
-0.2565 1.005565
-0.7565 1.005565
2.75

IMD3c2
4
-0.7565 1.005565
-0.2565 1.005565
-0.2565 1.145565
-0.7565 1.145565
2.75

IMD3c2
4
-0.1935 1.005565
-0.0315 1.005565
-0.0315 1.145565
-0.1935 1.145565
2.75

IMD3c2
4
0.0315 1.005565
0.3015 1.005565
0.3015 1.145565
0.0315 1.145565
2.75

IMD3c2
4
0.3645 1.005565
0.5265 1.005565
0.5265 1.145565
0.3645 1.145565
2.75

IMD3c2
4
0.5895 1.005565
1.4675 1.005565
1.4675 1.145565
0.5895 1.145565
2.75

IMD4a
12
-0.7565 1.145565
-0.2565 1.145565
-0.1935 1.145565
-0.0315 1.145565
0.0315 1.145565
0.3015 1.145565
0.3645 1.145565
0.5265 1.145565
0.5895 1.145565
1.4675 1.145565
1.4675 1.177565
-0.7565 1.177565
5.2

IMD4b
4
-0.7565 1.177565
1.4675 1.177565
1.4675 1.187565
-0.7565 1.187565
4.2

IMD4c1
10
-0.7565 1.187565
1.4675 1.187565
1.4675 1.250565
0.9675 1.250565
0.9045 1.250565
0.7425 1.250565
0.6795 1.250565
-0.1305 1.250565
-0.1935 1.250565
-0.7565 1.250565
2.75

IMD4c2
4
-0.7565 1.250565
-0.1935 1.250565
-0.1935 1.390565
-0.7565 1.390565
2.75

IMD4c2
4
-0.1305 1.250565
0.6795 1.250565
0.6795 1.390565
-0.1305 1.390565
2.75

IMD4c2
4
0.7425 1.250565
0.9045 1.250565
0.9045 1.390565
0.7425 1.390565
2.75

IMD4c2
4
0.9675 1.250565
1.4675 1.250565
1.4675 1.390565
0.9675 1.390565
2.75

IMD5a
10
-0.7565 1.390565
-0.1935 1.390565
-0.1305 1.390565
0.6795 1.390565
0.7425 1.390565
0.9045 1.390565
0.9675 1.390565
1.4675 1.390565
1.4675 1.422565
-0.7565 1.422565
5.2

IMD5b
4
-0.7565 1.422565
1.4675 1.422565
1.4675 1.432565
-0.7565 1.432565
4.2

IMD5c1+IMD5c2
4
-0.7565 1.432565
1.4675 1.432565
1.4675 1.635565
-0.7565 1.635565
2.75

IMD6a
4
-0.7565 1.635565
1.4675 1.635565
1.4675 1.667565
-0.7565 1.667565
5.2

IMD6b
4
-0.7565 1.667565
1.4675 1.667565
1.4675 1.677565
-0.7565 1.677565
4.2

IMD6c1+IMD6c2
4
-0.7565 1.677565
1.4675 1.677565
1.4675 1.880565
-0.7565 1.880565
2.75

IMD7a
4
-0.7565 1.880565
1.4675 1.880565
1.4675 1.950565
-0.7565 1.950565
5.2

IMD7b1+IMD7b2
4
-0.7565 1.950565
1.4675 1.950565
1.4675 3.490565
-0.7565 3.490565
4.2

IMD8a
4
-0.7565 3.490565
1.4675 3.490565
1.4675 3.560565
-0.7565 3.560565
5.2

IMD8b1+IMD8b2
4
-0.7565 3.560565
1.4675 3.560565
1.4675 5.100565
-0.7565 5.100565
4.2

PASS1
4
-0.7565 5.100565
1.4675 5.100565
1.4675 5.170565
-0.7565 5.170565
5.2

PASS2
4
-0.7565 5.170565
1.4675 5.170565
1.4675 5.570565
-0.7565 5.570565
4.2

PASS3
4
-0.7565 5.570565
1.4675 5.570565
1.4675 5.640565
-0.7565 5.640565
7

PASS4+PASS5
4
-0.7565 5.640565
1.4675 5.640565
1.4675 6.290565
-0.7565 6.290565
4.2

PASS6
4
-0.7565 6.290565
1.4675 6.290565
1.4675 6.890565
-0.7565 6.890565
7

air_Layer
4
-0.7565 6.890565
1.4675 6.890565
1.4675 7.310565
-0.7565 7.310565
1


4
-0.7565 0.001
1.4675 0.001
1.4675 7.310565
-0.7565 7.310565
