c1
4
-0.0315 0.760565
0.0315 0.760565
0.0315 0.900565
-0.0315 0.900565

7
botleft
4
-0.9635 -0.001
0 -0.001
0 0.001
-0.9635 0.001

botright
4
0 -0.001
1.0805 -0.001
1.0805 0.001
0 0.001

c3
4
-0.1485 0.760565
-0.0855 0.760565
-0.0855 0.900565
-0.1485 0.900565

c2
4
0.0855 0.760565
0.1485 0.760565
0.1485 0.900565
0.0855 0.900565

c2e
4
0.2025 0.760565
0.2655 0.760565
0.2655 0.900565
0.2025 0.900565

topleft
4
-0.9635 1.250565
0 1.250565
0 1.390565
-0.9635 1.390565

topright
4
0 1.250565
1.0805 1.250565
1.0805 1.390565
0 1.390565


20
FOXA+FOXB
5
-0.9635 0.001
0 0.001
1.0805 0.001
1.0805 0.35003
-0.9635 0.35003
3.9

tox
4
-0.9635 0.35003
1.0805 0.35003
1.0805 0.352565
-0.9635 0.352565
4.2

ILD1a
4
-0.9635 0.352565
1.0805 0.352565
1.0805 0.390565
-0.9635 0.390565
7

ILD1b1+ILD1b2
4
-0.9635 0.390565
1.0805 0.390565
1.0805 0.557565
-0.9635 0.557565
4.2

IMD1a
4
-0.9635 0.557565
1.0805 0.557565
1.0805 0.572565
-0.9635 0.572565
5.2

IMD1b
4
-0.9635 0.572565
1.0805 0.572565
1.0805 0.655565
-0.9635 0.655565
2.75

IMD2a
4
-0.9635 0.655565
1.0805 0.655565
1.0805 0.687565
-0.9635 0.687565
5.2

IMD2b
4
-0.9635 0.687565
1.0805 0.687565
1.0805 0.697565
-0.9635 0.697565
4.2

IMD2c1
12
-0.9635 0.697565
1.0805 0.697565
1.0805 0.760565
0.2655 0.760565
0.2025 0.760565
0.1485 0.760565
0.0855 0.760565
0.0315 0.760565
-0.0315 0.760565
-0.0855 0.760565
-0.1485 0.760565
-0.9635 0.760565
2.75

IMD2c2
4
-0.9635 0.760565
-0.1485 0.760565
-0.1485 0.900565
-0.9635 0.900565
2.75

IMD2c2
4
-0.0855 0.760565
-0.0315 0.760565
-0.0315 0.900565
-0.0855 0.900565
2.75

IMD2c2
4
0.0315 0.760565
0.0855 0.760565
0.0855 0.900565
0.0315 0.900565
2.75

IMD2c2
4
0.1485 0.760565
0.2025 0.760565
0.2025 0.900565
0.1485 0.900565
2.75

IMD2c2
4
0.2655 0.760565
1.0805 0.760565
1.0805 0.900565
0.2655 0.900565
2.75

IMD3a
12
-0.9635 0.900565
-0.1485 0.900565
-0.0855 0.900565
-0.0315 0.900565
0.0315 0.900565
0.0855 0.900565
0.1485 0.900565
0.2025 0.900565
0.2655 0.900565
1.0805 0.900565
1.0805 0.932565
-0.9635 0.932565
5.2

IMD3b
4
-0.9635 0.932565
1.0805 0.932565
1.0805 0.942565
-0.9635 0.942565
4.2

IMD3c1+IMD3c2
4
-0.9635 0.942565
1.0805 0.942565
1.0805 1.145565
-0.9635 1.145565
2.75

IMD4a
4
-0.9635 1.145565
1.0805 1.145565
1.0805 1.177565
-0.9635 1.177565
5.2

IMD4b
4
-0.9635 1.177565
1.0805 1.177565
1.0805 1.187565
-0.9635 1.187565
4.2

IMD4c1
5
-0.9635 1.187565
1.0805 1.187565
1.0805 1.250565
0 1.250565
-0.9635 1.250565
2.75


4
-0.9635 0.001
1.0805 0.001
1.0805 1.250565
-0.9635 1.250565
