c1
4
-0.0315 0.760565
0.0315 0.760565
0.0315 0.900565
-0.0315 0.900565

8
botleft
4
-0.6395 -0.001
0 -0.001
0 0.001
-0.6395 0.001

botright
4
0 -0.001
1.0265 -0.001
1.0265 0.001
0 0.001

c1Env
4
-0.1485 0.760565
-0.0855 0.760565
-0.0855 0.900565
-0.1485 0.900565

c2
4
0.0855 0.760565
0.1485 0.760565
0.1485 0.900565
0.0855 0.900565

c2Env
4
0.2025 0.760565
0.2655 0.760565
0.2655 0.900565
0.2025 0.900565

d1L
4
-0.6395 1.250565
0 1.250565
0 1.390565
-0.6395 1.390565

d1
4
0 1.250565
0.4095 1.250565
0.4095 1.390565
0 1.390565

d2
4
0.4635 1.250565
0.5265 1.250565
0.5265 1.390565
0.4635 1.390565


38
FOXA+FOXB
5
-0.6395 0.001
0 0.001
1.0265 0.001
1.0265 0.35003
-0.6395 0.35003
3.9

tox
4
-0.6395 0.35003
1.0265 0.35003
1.0265 0.352565
-0.6395 0.352565
4.2

ILD1a
4
-0.6395 0.352565
1.0265 0.352565
1.0265 0.390565
-0.6395 0.390565
7

ILD1b1+ILD1b2
4
-0.6395 0.390565
1.0265 0.390565
1.0265 0.557565
-0.6395 0.557565
4.2

IMD1a
4
-0.6395 0.557565
1.0265 0.557565
1.0265 0.572565
-0.6395 0.572565
5.2

IMD1b
4
-0.6395 0.572565
1.0265 0.572565
1.0265 0.655565
-0.6395 0.655565
2.75

IMD2a
4
-0.6395 0.655565
1.0265 0.655565
1.0265 0.687565
-0.6395 0.687565
5.2

IMD2b
4
-0.6395 0.687565
1.0265 0.687565
1.0265 0.697565
-0.6395 0.697565
4.2

IMD2c1
12
-0.6395 0.697565
1.0265 0.697565
1.0265 0.760565
0.2655 0.760565
0.2025 0.760565
0.1485 0.760565
0.0855 0.760565
0.0315 0.760565
-0.0315 0.760565
-0.0855 0.760565
-0.1485 0.760565
-0.6395 0.760565
2.75

IMD2c2
4
-0.6395 0.760565
-0.1485 0.760565
-0.1485 0.900565
-0.6395 0.900565
2.75

IMD2c2
4
-0.0855 0.760565
-0.0315 0.760565
-0.0315 0.900565
-0.0855 0.900565
2.75

IMD2c2
4
0.0315 0.760565
0.0855 0.760565
0.0855 0.900565
0.0315 0.900565
2.75

IMD2c2
4
0.1485 0.760565
0.2025 0.760565
0.2025 0.900565
0.1485 0.900565
2.75

IMD2c2
4
0.2655 0.760565
1.0265 0.760565
1.0265 0.900565
0.2655 0.900565
2.75

IMD3a
12
-0.6395 0.900565
-0.1485 0.900565
-0.0855 0.900565
-0.0315 0.900565
0.0315 0.900565
0.0855 0.900565
0.1485 0.900565
0.2025 0.900565
0.2655 0.900565
1.0265 0.900565
1.0265 0.932565
-0.6395 0.932565
5.2

IMD3b
4
-0.6395 0.932565
1.0265 0.932565
1.0265 0.942565
-0.6395 0.942565
4.2

IMD3c1+IMD3c2
4
-0.6395 0.942565
1.0265 0.942565
1.0265 1.145565
-0.6395 1.145565
2.75

IMD4a
4
-0.6395 1.145565
1.0265 1.145565
1.0265 1.177565
-0.6395 1.177565
5.2

IMD4b
4
-0.6395 1.177565
1.0265 1.177565
1.0265 1.187565
-0.6395 1.187565
4.2

IMD4c1
8
-0.6395 1.187565
1.0265 1.187565
1.0265 1.250565
0.5265 1.250565
0.4635 1.250565
0.4095 1.250565
0 1.250565
-0.6395 1.250565
2.75

IMD4c2
4
0.4095 1.250565
0.4635 1.250565
0.4635 1.390565
0.4095 1.390565
2.75

IMD4c2
4
0.5265 1.250565
1.0265 1.250565
1.0265 1.390565
0.5265 1.390565
2.75

IMD5a
8
-0.6395 1.390565
0 1.390565
0.4095 1.390565
0.4635 1.390565
0.5265 1.390565
1.0265 1.390565
1.0265 1.422565
-0.6395 1.422565
5.2

IMD5b
4
-0.6395 1.422565
1.0265 1.422565
1.0265 1.432565
-0.6395 1.432565
4.2

IMD5c1+IMD5c2
4
-0.6395 1.432565
1.0265 1.432565
1.0265 1.635565
-0.6395 1.635565
2.75

IMD6a
4
-0.6395 1.635565
1.0265 1.635565
1.0265 1.667565
-0.6395 1.667565
5.2

IMD6b
4
-0.6395 1.667565
1.0265 1.667565
1.0265 1.677565
-0.6395 1.677565
4.2

IMD6c1+IMD6c2
4
-0.6395 1.677565
1.0265 1.677565
1.0265 1.880565
-0.6395 1.880565
2.75

IMD7a
4
-0.6395 1.880565
1.0265 1.880565
1.0265 1.950565
-0.6395 1.950565
5.2

IMD7b1+IMD7b2
4
-0.6395 1.950565
1.0265 1.950565
1.0265 3.490565
-0.6395 3.490565
4.2

IMD8a
4
-0.6395 3.490565
1.0265 3.490565
1.0265 3.560565
-0.6395 3.560565
5.2

IMD8b1+IMD8b2
4
-0.6395 3.560565
1.0265 3.560565
1.0265 5.100565
-0.6395 5.100565
4.2

PASS1
4
-0.6395 5.100565
1.0265 5.100565
1.0265 5.170565
-0.6395 5.170565
5.2

PASS2
4
-0.6395 5.170565
1.0265 5.170565
1.0265 5.570565
-0.6395 5.570565
4.2

PASS3
4
-0.6395 5.570565
1.0265 5.570565
1.0265 5.640565
-0.6395 5.640565
7

PASS4+PASS5
4
-0.6395 5.640565
1.0265 5.640565
1.0265 6.290565
-0.6395 6.290565
4.2

PASS6
4
-0.6395 6.290565
1.0265 6.290565
1.0265 6.890565
-0.6395 6.890565
7

air_Layer
4
-0.6395 6.890565
1.0265 6.890565
1.0265 7.310565
-0.6395 7.310565
1


4
-0.6395 0.001
1.0265 0.001
1.0265 7.310565
-0.6395 7.310565
