c1
4
-0.0315 1.49556 
0.0315 1.49556 
0.0315 1.63556 
-0.0315 1.63556 

8
botleft
4
-0.7475 -0.001 
0 -0.001 
0 0.001 
-0.7475 0.001 

botright
4
0 -0.001 
0.9725 -0.001 
0.9725 0.001 
0 0.001 

c1Env
4
-0.2565 1.49556 
-0.1935 1.49556 
-0.1935 1.63556 
-0.2565 1.63556 

c2
4
0.1935 1.49556 
0.2565 1.49556 
0.2565 1.63556 
0.1935 1.63556 

c2Env
4
0.4185 1.49556 
0.4815 1.49556 
0.4815 1.63556 
0.4185 1.63556 

d1L
4
-0.7475 1.74056 
0 1.74056 
0 1.88057 
-0.7475 1.88057 

d1
4
0 1.74056 
0.0855 1.74056 
0.0855 1.88057 
0 1.88057 

d2
4
0.2475 1.74056 
0.3105 1.74056 
0.3105 1.88057 
0.2475 1.88057 


38
FOXA+FOXB
5
-0.7475 0.001 
0 0.001 
0.9725 0.001 
0.9725 0.35003 
-0.7475 0.35003 
3.9

tox
4
-0.7475 0.35003 
0.9725 0.35003 
0.9725 0.352565 
-0.7475 0.352565 
4.2

ILD1a
4
-0.7475 0.352565 
0.9725 0.352565 
0.9725 0.390565 
-0.7475 0.390565 
7

ILD1b1+ILD1b2
4
-0.7475 0.390565 
0.9725 0.390565 
0.9725 0.557565 
-0.7475 0.557565 
4.2

IMD1a
4
-0.7475 0.557565 
0.9725 0.557565 
0.9725 0.572565 
-0.7475 0.572565 
5.2

IMD1b
4
-0.7475 0.572565 
0.9725 0.572565 
0.9725 0.655565 
-0.7475 0.655565 
2.75

IMD2a
4
-0.7475 0.655565 
0.9725 0.655565 
0.9725 0.687565 
-0.7475 0.687565 
5.2

IMD2b
4
-0.7475 1.42256 
0.9725 1.42256 
0.9725 1.43256 
-0.7475 1.43256 
4.2

IMD2c1
12
-0.7475 1.43256 
0.9725 1.43256 
0.9725 1.49556 
0.4815 1.49556 
0.4185 1.49556 
0.2565 1.49556 
0.1935 1.49556 
0.0315 1.49556 
-0.0315 1.49556 
-0.1935 1.49556 
-0.2565 1.49556 
-0.7475 1.49556 
2.75

IMD2c2
4
-0.7475 1.49556 
-0.2565 1.49556 
-0.2565 1.63556 
-0.7475 1.63556 
2.75

IMD2c2
4
-0.1935 1.49556 
-0.0315 1.49556 
-0.0315 1.63556 
-0.1935 1.63556 
2.75

IMD2c2
4
0.0315 1.49556 
0.1935 1.49556 
0.1935 1.63556 
0.0315 1.63556 
2.75

IMD2c2
4
0.2565 1.49556 
0.4185 1.49556 
0.4185 1.63556 
0.2565 1.63556 
2.75

IMD2c2
4
0.4815 1.49556 
0.9725 1.49556 
0.9725 1.63556 
0.4815 1.63556 
2.75

IMD3a
12
-0.7475 1.63556 
-0.2565 1.63556 
-0.1935 1.63556 
-0.0315 1.63556 
0.0315 1.63556 
0.1935 1.63556 
0.2565 1.63556 
0.4185 1.63556 
0.4815 1.63556 
0.9725 1.63556 
0.9725 1.66756 
-0.7475 1.66756 
5.2

IMD3b
4
-0.7475 0.932565 
0.9725 0.932565 
0.9725 0.942565 
-0.7475 0.942565 
4.2

IMD3c1+IMD3c2
4
-0.7475 0.942565 
0.9725 0.942565 
0.9725 1.14556 
-0.7475 1.14556 
2.75

IMD4a
4
-0.7475 1.14556 
0.9725 1.14556 
0.9725 1.17756 
-0.7475 1.17756 
5.2

IMD4b
4
-0.7475 1.66756 
0.9725 1.66756 
0.9725 1.67756 
-0.7475 1.67756 
4.2

IMD4c1
8
-0.7475 1.67756 
0.9725 1.67756 
0.9725 1.74056 
0.3105 1.74056 
0.2475 1.74056 
0.0855 1.74056 
0 1.74056 
-0.7475 1.74056 
2.75

IMD4c2
4
0.0855 1.74056 
0.2475 1.74056 
0.2475 1.88057 
0.0855 1.88057 
2.75

IMD4c2
4
0.3105 1.74056 
0.9725 1.74056 
0.9725 1.88057 
0.3105 1.88057 
2.75

IMD5a
8
-0.7475 1.88057 
0 1.88057 
0.0855 1.88057 
0.2475 1.88057 
0.3105 1.88057 
0.9725 1.88057 
0.9725 1.95057 
-0.7475 1.95057 
5.2

IMD5b
4
-0.7475 0.68757 
0.9725 0.68757 
0.9725 0.69757 
-0.7475 0.69757 
4.2

IMD5c1+IMD5c2
4
-0.7475 0.69757 
0.9725 0.69757 
0.9725 0.90057 
-0.7475 0.90057 
2.75

IMD6a
4
-0.7475 0.90057 
0.9725 0.90057 
0.9725 0.93257 
-0.7475 0.93257 
5.2

IMD6b
4
-0.7475 1.17756 
0.9725 1.17756 
0.9725 1.18756 
-0.7475 1.18756 
4.2

IMD6c1+IMD6c2
4
-0.7475 1.18756 
0.9725 1.18756 
0.9725 1.39057 
-0.7475 1.39057 
2.75

IMD7a
4
-0.7475 1.39057 
0.9725 1.39057 
0.9725 1.42257 
-0.7475 1.42257 
5.2

IMD7b1+IMD7b2
4
-0.7475 1.95057 
0.9725 1.95057 
0.9725 3.49057 
-0.7475 3.49057 
4.2

IMD8a
4
-0.7475 3.49057 
0.9725 3.49057 
0.9725 3.56056 
-0.7475 3.56056 
5.2

IMD8b1+IMD8b2
4
-0.7475 3.56056 
0.9725 3.56056 
0.9725 5.10056 
-0.7475 5.10056 
4.2

PASS1
4
-0.7475 5.10056 
0.9725 5.10056 
0.9725 5.17056 
-0.7475 5.17056 
5.2

PASS2
4
-0.7475 5.17056 
0.9725 5.17056 
0.9725 5.57057 
-0.7475 5.57057 
4.2

PASS3
4
-0.7475 5.57057 
0.9725 5.57057 
0.9725 5.64056 
-0.7475 5.64056 
7

PASS4+PASS5
4
-0.7475 5.64056 
0.9725 5.64056 
0.9725 6.29056 
-0.7475 6.29056 
4.2

PASS6
4
-0.7475 6.29056 
0.9725 6.29056 
0.9725 6.89056 
-0.7475 6.89056 
7

air_Layer
4
-0.7475 6.89056 
0.9725 6.89056 
0.9725 7.31057 
-0.7475 7.31057 
1


4
-0.7475 0.001 
0.9725 0.001 
0.9725 7.31057 
-0.7475 7.31057 

