c1
4
-0.0315 1.49555 
0.0315 1.49555 
0.0315 1.63555 
-0.0315 1.63555 

7
botleft
4
-1.0715 -0.001 
0 -0.001 
0 0.001 
-1.0715 0.001 

botright
4
0 -0.001 
1.1885 -0.001 
1.1885 0.001 
0 0.001 

c3
4
-0.2565 1.49555 
-0.1935 1.49555 
-0.1935 1.63555 
-0.2565 1.63555 

c2
4
0.1935 1.49555 
0.2565 1.49555 
0.2565 1.63555 
0.1935 1.63555 

c2e
4
0.3105 1.49555 
0.3735 1.49555 
0.3735 1.63555 
0.3105 1.63555 

topleft
4
-1.0715 1.98555 
0 1.98555 
0 2.12555 
-1.0715 2.12555 

topright
4
0 1.98555 
1.1885 1.98555 
1.1885 2.12555 
0 2.12555 


29
FOXA+FOXB
5
-1.0715 0.001 
0 0.001 
1.1885 0.001 
1.1885 0.35003 
-1.0715 0.35003 
3.9

tox
4
-1.0715 0.35003 
1.1885 0.35003 
1.1885 0.352565 
-1.0715 0.352565 
4.2

ILD1a
4
-1.0715 0.352565 
1.1885 0.352565 
1.1885 0.390565 
-1.0715 0.390565 
7

ILD1b1+ILD1b2
4
-1.0715 0.390565 
1.1885 0.390565 
1.1885 0.557565 
-1.0715 0.557565 
4.2

IMD1a
4
-1.0715 0.557565 
1.1885 0.557565 
1.1885 0.572565 
-1.0715 0.572565 
5.2

IMD1b
4
-1.0715 0.572565 
1.1885 0.572565 
1.1885 0.655565 
-1.0715 0.655565 
2.75

IMD2a
4
-1.0715 0.655565 
1.1885 0.655565 
1.1885 0.687565 
-1.0715 0.687565 
5.2

IMD2b
4
-1.0715 1.42255 
1.1885 1.42255 
1.1885 1.43255 
-1.0715 1.43255 
4.2

IMD2c1
12
-1.0715 1.43255 
1.1885 1.43255 
1.1885 1.49555 
0.3735 1.49555 
0.3105 1.49555 
0.2565 1.49555 
0.1935 1.49555 
0.0315 1.49555 
-0.0315 1.49555 
-0.1935 1.49555 
-0.2565 1.49555 
-1.0715 1.49555 
2.75

IMD2c2
4
-1.0715 1.49555 
-0.2565 1.49555 
-0.2565 1.63555 
-1.0715 1.63555 
2.75

IMD2c2
4
-0.1935 1.49555 
-0.0315 1.49555 
-0.0315 1.63555 
-0.1935 1.63555 
2.75

IMD2c2
4
0.0315 1.49555 
0.1935 1.49555 
0.1935 1.63555 
0.0315 1.63555 
2.75

IMD2c2
4
0.2565 1.49555 
0.3105 1.49555 
0.3105 1.63555 
0.2565 1.63555 
2.75

IMD2c2
4
0.3735 1.49555 
1.1885 1.49555 
1.1885 1.63555 
0.3735 1.63555 
2.75

IMD3a
12
-1.0715 1.63555 
-0.2565 1.63555 
-0.1935 1.63555 
-0.0315 1.63555 
0.0315 1.63555 
0.1935 1.63555 
0.2565 1.63555 
0.3105 1.63555 
0.3735 1.63555 
1.1885 1.63555 
1.1885 1.66755 
-1.0715 1.66755 
5.2

IMD3b
4
-1.0715 0.932565 
1.1885 0.932565 
1.1885 0.942565 
-1.0715 0.942565 
4.2

IMD3c1+IMD3c2
4
-1.0715 0.942565 
1.1885 0.942565 
1.1885 1.14556 
-1.0715 1.14556 
2.75

IMD4a
4
-1.0715 1.14556 
1.1885 1.14556 
1.1885 1.17756 
-1.0715 1.17756 
5.2

IMD4b
4
-1.0715 1.91255 
1.1885 1.91255 
1.1885 1.92255 
-1.0715 1.92255 
4.2

IMD4c1
5
-1.0715 1.92255 
1.1885 1.92255 
1.1885 1.98555 
0 1.98555 
-1.0715 1.98555 
2.75

IMD3b
4
-1.0715 1.66755 
1.1885 1.66755 
1.1885 1.67755 
-1.0715 1.67755 
4.2

IMD3c1+IMD3c2
4
-1.0715 1.67755 
1.1885 1.67755 
1.1885 1.88055 
-1.0715 1.88055 
2.75

IMD4a
4
-1.0715 1.88055 
1.1885 1.88055 
1.1885 1.91255 
-1.0715 1.91255 
5.2

IMD3b
4
-1.0715 0.68757 
1.1885 0.68757 
1.1885 0.69757 
-1.0715 0.69757 
4.2

IMD3c1+IMD3c2
4
-1.0715 0.69757 
1.1885 0.69757 
1.1885 0.90057 
-1.0715 0.90057 
2.75

IMD4a
4
-1.0715 0.90057 
1.1885 0.90057 
1.1885 0.93257 
-1.0715 0.93257 
5.2

IMD3b
4
-1.0715 1.17756 
1.1885 1.17756 
1.1885 1.18756 
-1.0715 1.18756 
4.2

IMD3c1+IMD3c2
4
-1.0715 1.18756 
1.1885 1.18756 
1.1885 1.39056 
-1.0715 1.39056 
2.75

IMD4a
4
-1.0715 1.39056 
1.1885 1.39056 
1.1885 1.42256 
-1.0715 1.42256 
5.2


4
-1.0715 0.001 
1.1885 0.001 
1.1885 1.98555 
-1.0715 1.98555 

