c1
4
-0.0315 0.760565
0.0315 0.760565
0.0315 0.900565
-0.0315 0.900565

5
botleft
4
-1.0715 -0.001
0 -0.001
0 0.001
-1.0715 0.001

botright
4
0 -0.001
1.0805 -0.001
1.0805 0.001
0 0.001

c3
4
-0.2565 0.760565
-0.1935 0.760565
-0.1935 0.900565
-0.2565 0.900565

c2
4
0.0855 0.760565
0.1485 0.760565
0.1485 0.900565
0.0855 0.900565

c2e
4
0.2025 0.760565
0.2655 0.760565
0.2655 0.900565
0.2025 0.900565


36
FOXA+FOXB
5
-1.0715 0.001
0 0.001
1.0805 0.001
1.0805 0.35003
-1.0715 0.35003
3.9

tox
4
-1.0715 0.35003
1.0805 0.35003
1.0805 0.352565
-1.0715 0.352565
4.2

ILD1a
4
-1.0715 0.352565
1.0805 0.352565
1.0805 0.390565
-1.0715 0.390565
7

ILD1b1+ILD1b2
4
-1.0715 0.390565
1.0805 0.390565
1.0805 0.557565
-1.0715 0.557565
4.2

IMD1a
4
-1.0715 0.557565
1.0805 0.557565
1.0805 0.572565
-1.0715 0.572565
5.2

IMD1b
4
-1.0715 0.572565
1.0805 0.572565
1.0805 0.655565
-1.0715 0.655565
2.75

IMD2a
4
-1.0715 0.655565
1.0805 0.655565
1.0805 0.687565
-1.0715 0.687565
5.2

IMD2b
4
-1.0715 0.687565
1.0805 0.687565
1.0805 0.697565
-1.0715 0.697565
4.2

IMD2c1
12
-1.0715 0.697565
1.0805 0.697565
1.0805 0.760565
0.2655 0.760565
0.2025 0.760565
0.1485 0.760565
0.0855 0.760565
0.0315 0.760565
-0.0315 0.760565
-0.1935 0.760565
-0.2565 0.760565
-1.0715 0.760565
2.75

IMD2c2
4
-1.0715 0.760565
-0.2565 0.760565
-0.2565 0.900565
-1.0715 0.900565
2.75

IMD2c2
4
-0.1935 0.760565
-0.0315 0.760565
-0.0315 0.900565
-0.1935 0.900565
2.75

IMD2c2
4
0.0315 0.760565
0.0855 0.760565
0.0855 0.900565
0.0315 0.900565
2.75

IMD2c2
4
0.1485 0.760565
0.2025 0.760565
0.2025 0.900565
0.1485 0.900565
2.75

IMD2c2
4
0.2655 0.760565
1.0805 0.760565
1.0805 0.900565
0.2655 0.900565
2.75

IMD3a
12
-1.0715 0.900565
-0.2565 0.900565
-0.1935 0.900565
-0.0315 0.900565
0.0315 0.900565
0.0855 0.900565
0.1485 0.900565
0.2025 0.900565
0.2655 0.900565
1.0805 0.900565
1.0805 0.932565
-1.0715 0.932565
5.2

IMD3b
4
-1.0715 0.932565
1.0805 0.932565
1.0805 0.942565
-1.0715 0.942565
4.2

IMD3c1+IMD3c2
4
-1.0715 0.942565
1.0805 0.942565
1.0805 1.145565
-1.0715 1.145565
2.75

IMD4a
4
-1.0715 1.145565
1.0805 1.145565
1.0805 1.177565
-1.0715 1.177565
5.2

IMD4b
4
-1.0715 1.177565
1.0805 1.177565
1.0805 1.187565
-1.0715 1.187565
4.2

IMD4c1+IMD4c2
4
-1.0715 1.187565
1.0805 1.187565
1.0805 1.390565
-1.0715 1.390565
2.75

IMD5a
4
-1.0715 1.390565
1.0805 1.390565
1.0805 1.422565
-1.0715 1.422565
5.2

IMD5b
4
-1.0715 1.422565
1.0805 1.422565
1.0805 1.432565
-1.0715 1.432565
4.2

IMD5c1+IMD5c2
4
-1.0715 1.432565
1.0805 1.432565
1.0805 1.635565
-1.0715 1.635565
2.75

IMD6a
4
-1.0715 1.635565
1.0805 1.635565
1.0805 1.667565
-1.0715 1.667565
5.2

IMD6b
4
-1.0715 1.667565
1.0805 1.667565
1.0805 1.677565
-1.0715 1.677565
4.2

IMD6c1+IMD6c2
4
-1.0715 1.677565
1.0805 1.677565
1.0805 1.880565
-1.0715 1.880565
2.75

IMD7a
4
-1.0715 1.880565
1.0805 1.880565
1.0805 1.950565
-1.0715 1.950565
5.2

IMD7b1+IMD7b2
4
-1.0715 1.950565
1.0805 1.950565
1.0805 3.490565
-1.0715 3.490565
4.2

IMD8a
4
-1.0715 3.490565
1.0805 3.490565
1.0805 3.560565
-1.0715 3.560565
5.2

IMD8b1+IMD8b2
4
-1.0715 3.560565
1.0805 3.560565
1.0805 5.100565
-1.0715 5.100565
4.2

PASS1
4
-1.0715 5.100565
1.0805 5.100565
1.0805 5.170565
-1.0715 5.170565
5.2

PASS2
4
-1.0715 5.170565
1.0805 5.170565
1.0805 5.570565
-1.0715 5.570565
4.2

PASS3
4
-1.0715 5.570565
1.0805 5.570565
1.0805 5.640565
-1.0715 5.640565
7

PASS4+PASS5
4
-1.0715 5.640565
1.0805 5.640565
1.0805 6.290565
-1.0715 6.290565
4.2

PASS6
4
-1.0715 6.290565
1.0805 6.290565
1.0805 6.890565
-1.0715 6.890565
7

air_Layer
4
-1.0715 6.890565
1.0805 6.890565
1.0805 7.310565
-1.0715 7.310565
1


4
-1.0715 0.001
1.0805 0.001
1.0805 7.310565
-1.0715 7.310565
